2
1001 500000
463835 469555
488520 492583
227865 233052
460800 461126
480556 486830
404542 411990
437006 446952
119038 126829
150915 152223
99381 100001
37604 40385
107449 111629
126955 128791
395949 401554
20499 30041
59086 59489
454870 460983
274160 276355
97958 103160
169543 173616
449420 450323
52699 56048
117595 118880
498186 500000
201841 210093
349856 357515
360975 362352
174107 181858
180164 185141
364548 370811
46377 53423
426992 430597
148758 153301
350015 355090
204291 207034
476793 485576
41167 47925
143494 150981
296029 300894
110770 117283
103712 111163
156462 165024
164822 166577
51793 53538
340521 348994
180418 183066
215354 216043
86992 94627
271232 272184
309524 316990
456856 457059
110786 113418
224969 230110
106606 107445
164079 166102
324511 328825
86454 88247
3703 7764
357103 359237
18428 20903
67630 73783
30733 35932
163401 170484
117678 128611
477116 482090
295267 304631
126237 132810
387408 396015
236087 244167
410429 418723
240526 242214
486019 489983
68450 69176
280005 284342
310005 318712
147441 153226
115580 121335
136428 142080
132378 133777
358706 361993
481783 483336
50227 54636
15913 18102
339964 340713
133369 134973
228370 231833
370545 375575
238089 245719
491232 500000
309635 312623
75557 83537
180478 184480
440932 444896
78599 88007
204164 210802
473950 479646
374627 380977
280003 288676
27558 28379
96992 104233
435639 438579
371182 375602
312949 319162
62536 64850
213848 217966
385556 385688
19030 21075
333575 334671
22730 31958
260749 270483
101817 108071
360009 366448
383306 393018
141856 143972
403027 406028
480372 489148
112364 119940
467943 476076
255760 261954
0 0
452499 455389
240719 242593
27843 28721
190877 195715
469825 475549
300291 304112
36717 37174
32539 35803
148574 151645
109786 115990
128612 131231
93879 96170
98562 100492
432539 433682
386075 394594
158530 167803
68846 77609
326443 329728
329066 331561
454600 461062
458140 464968
155572 159299
443450 447184
488839 490847
494498 499120
146048 150204
497423 500000
223378 226342
30180 35463
65812 69802
447432 452308
471731 480053
253627 254274
364743 370618
231786 235520
427896 428498
428534 437294
393020 401259
309366 315705
492248 500000
476778 482243
50858 51849
397021 406832
20939 24577
194832 201331
338629 343460
406680 408896
434354 443090
418733 422858
373784 374905
404584 414184
471566 475039
44679 49981
224807 233928
25070 25394
270749 275593
357618 361644
290800 298509
164309 170934
441109 441668
222239 227597
151108 157007
316908 321160
257540 264016
318768 324963
471334 478090
169358 169373
78058 82990
77388 77549
176921 179269
274959 282713
242357 247271
378292 378721
444106 446606
284915 288028
373851 380058
421047 426940
36519 36724
359938 368963
158985 166277
178714 179691
201474 205128
255777 303966
357251 362186
175830 176220
20288 21684
303967 307114
354705 357560
385003 389133
123095 126354
120746 122981
352999 353447
73905 81549
259276 264608
115240 115389
147807 156669
310818 316422
407305 409551
146138 152000
471879 473649
75261 75611
317305 318179
487955 495028
210243 220147
460279 468198
308376 318310
188130 189883
194217 202900
434468 439777
227500 236083
215910 221042
251744 254256
154074 164016
211524 215622
238531 242219
468273 468925
324670 330690
308508 316725
145842 147572
450134 459732
315300 320912
287050 296856
356050 362906
125074 130247
414112 420152
366290 372605
91276 99191
194392 201388
318662 320488
291165 297224
185130 193563
274220 279353
141513 146312
495933 500000
63235 66882
51167 53530
180260 189441
388180 398038
437893 446086
346621 349906
11551 19077
1201 1613
408816 417325
458730 458741
82329 87109
495649 500000
493409 500000
237364 242356
369079 372794
134174 138981
193261 193524
311342 321152
487784 493274
172376 178695
42544 50555
482453 483069
222563 232147
223734 225169
264770 273327
256029 265276
359335 368611
43021 48286
193688 200638
458081 460695
86637 93401
288335 290924
208319 208321
452051 455636
264650 270682
235351 244391
144035 146840
239986 241796
459026 463573
423000 427969
68612 72112
187555 194138
41181 45401
470611 474704
7800 12260
42351 44495
232602 234606
377628 385549
164165 169412
67355 71619
55124 60419
354750 360888
304543 312137
355476 364547
351135 354264
247272 255776
109785 113641
490301 499273
22981 30204
396190 401348
187483 195976
370430 379365
284792 292079
45619 47254
330011 335699
435919 444800
17233 49391
341610 349025
309595 315743
298377 304588
119096 120794
412859 414593
316007 323405
329034 332732
380835 385751
293194 294413
486944 487766
159391 162861
30233 31154
82109 92653
437289 442539
233121 240248
418766 422204
331140 333082
215950 217827
342525 345132
49542 56998
48798 55873
236106 238901
121319 126806
454460 464262
449399 458600
336820 344531
5345 12056
426487 428433
80429 88450
416304 421949
427900 434315
405897 408569
199478 209169
232818 236227
223862 227882
246223 252716
38140 38426
329118 338274
161305 162267
160230 169755
494185 495850
276158 281175
246785 256337
442805 449731
341564 355147
308416 317301
469102 477215
52322 56694
113224 115845
182046 184568
164144 172331
296846 300709
29349 36143
55689 62980
50522 53347
16744 25547
293464 300149
200755 203566
207965 212452
433837 440243
364287 366532
174779 181037
289296 294225
397865 404556
77841 77903
456156 457368
241942 244757
93995 97885
96123 97543
452577 454510
228599 231132
299403 301204
421872 422642
373865 376147
428598 429214
333088 335992
496203 500000
420911 424657
107432 113273
293311 297162
141328 147959
113949 121327
51118 60271
84309 88413
340842 349397
87378 95688
71344 77679
183169 191079
194377 197014
451689 459355
212594 235450
467049 467113
411848 414016
275923 282991
62460 69820
138208 144070
344873 352761
69774 72085
177301 179629
347496 354719
160833 169853
68902 70822
86964 91267
388326 394748
114263 118008
215273 225186
400756 405586
136380 144266
150153 154479
423782 425674
1 16565
313077 319495
30461 36864
135300 142392
23812 25559
259822 260626
6539 7895
332226 334191
388362 394579
233882 241139
182436 190997
59466 62468
154160 154182
216504 218935
452999 454452
55238 55487
198651 203916
48082 50690
165373 165538
269698 278344
165975 175787
248383 257660
303135 309432
342584 346966
304494 308615
407139 414144
443323 448726
69177 76906
364652 366657
274007 283940
415035 424631
94026 96043
305942 307920
113960 121863
201663 210867
219864 228012
79281 81290
425552 427066
126269 127803
313736 323140
257917 266599
4890 7520
97705 103779
307115 316907
468098 470770
367689 376941
43538 46539
25987 28888
277419 285810
71324 72605
432911 436769
33196 36097
146485 154565
486296 493181
344696 350890
137139 138433
441661 443995
227031 235742
117284 117677
428265 429042
7396 8001
54817 64559
45105 50814
360841 370644
367775 370429
404016 409995
334223 339676
430197 435579
277912 286604
248179 255223
413035 416398
26839 28802
2198 6141
166782 172614
140809 145566
2652 7817
400968 401654
68463 76504
209655 213100
303451 309318
301894 302477
236548 240029
259859 268939
477346 482852
465147 469220
468009 476412
150364 160167
16566 17232
59953 61665
263020 272302
432721 442428
67177 76631
128212 137713
3152 9552
214694 217905
131232 135299
69379 71986
303401 309923
294825 301544
264451 268173
388855 389433
117030 126119
497155 500000
309809 316394
348218 351440
225460 228832
301969 310801
321387 321847
66163 72140
382840 390889
370619 380183
267372 270602
165395 168344
176560 185958
35684 39908
197490 204283
54196 62326
449390 454067
249688 250993
489236 490827
243375 250640
408050 430822
256815 259351
327965 337092
237978 247058
284543 290617
235451 237363
78654 79064
483328 490943
52513 60436
71636 81004
430022 430206
174594 183004
185564 188657
124061 126160
268894 276454
65110 66055
286932 291857
131412 134823
183022 188330
136477 144521
465841 472249
167758 174776
424357 425941
14335 21976
445337 452696
269251 278775
193447 198405
321161 332225
430906 432593
182510 185545
333028 333116
284606 289365
162604 162629
413435 414791
371715 377113
104280 108096
142393 156461
81061 85962
35365 37221
170745 174767
276420 280799
381533 383805
459983 465709
461886 463767
287850 291149
104944 112801
176410 205287
284737 287314
248650 250850
274938 275088
118636 122364
133870 141603
402360 404933
256304 258204
200636 204055
36695 41575
283066 292548
214900 220776
18837 27906
217205 227110
156156 165088
429290 433763
461279 467222
482220 483090
447946 452688
313154 321206
77519 82127
219205 223235
141179 149315
387098 387424
258097 261371
137373 145931
440432 443514
484225 489243
358374 363370
349346 351084
49928 56858
91393 100896
94762 102172
431843 439271
250761 253184
188999 192943
66444 68102
466714 473171
413543 422561
110674 116069
245027 251255
439147 444691
453614 454217
411136 413074
60734 63384
355089 364016
165366 174782
439663 449581
14756 20393
301819 304051
406198 411885
379366 387550
100488 108101
385317 395205
127010 131849
58422 58626
266213 270156
37004 38954
224959 231410
271092 278500
291058 293855
495552 500000
60876 69458
205288 208318
376880 379889
211215 214934
223494 233065
317222 325975
257788 263368
131119 138134
136565 145913
273796 278044
170492 173439
218025 219440
321767 328755
120293 121850
7896 15039
96784 106171
300537 308789
415907 421234
41805 46884
440799 457394
52262 61089
256532 261079
208322 212593
358154 359268
470509 471488
449650 452039
272778 274946
367546 367774
168590 172696
294360 297509
70492 74913
414142 419900
459373 465353
324795 332703
3986 7726
31334 35936
448325 457758
30438 30518
355872 364366
377048 386988
318478 323886
200645 204647
418794 419579
106890 112543
324487 333595
412831 421206
49392 68449
446295 452788
387978 396704
366246 369530
105458 112105
75455 80584
58844 66565
39304 49061
145095 151025
284875 292713
73464 82607
473909 481378
232217 240567
120563 125025
359203 368550
487777 491276
125337 135171
238853 239561
320708 323937
164626 167117
75766 79650
202957 212002
479529 480418
272778 278574
140123 147074
419432 423550
493767 497219
188878 192153
368844 376078
314117 315005
93962 94042
138135 144656
50318 50348
76704 83152
343428 347599
220539 227226
322982 332811
228676 233287
123642 126062
470198 476713
402682 410697
375842 382289
181084 183508
190056 196118
356044 357229
165025 166033
468288 475556
14554 18366
135197 137425
172265 179021
369744 378685
316341 325849
302902 305078
116408 116820
16906 17408
369766 372002
496732 499895
267880 271032
394932 396195
135189 144929
270015 271666
11999 21738
206199 213004
267370 271866
490269 500000
235558 244611
214591 219251
60202 69453
255303 261140
219975 224046
219329 226763
27315 31905
151252 152530
404580 412874
477892 481976
409937 411191
352102 355408
217924 221370
159725 162687
495327 500000
345699 351823
425201 431632
94100 95295
82265 82593
214072 220581
223244 232685
150258 153833
329575 331840
336017 336939
374510 384314
413875 415584
102344 109585
248813 252631
160207 160714
446776 449847
463365 465531
457395 490490
373405 373970
379106 384487
43669 46449
392620 398319
71081 72856
280708 283841
256813 260541
95408 99768
99849 100806
91019 94822
79074 80069
463245 472546
231141 234989
327023 336231
496627 498935
390144 399728
61893 61979
172832 174263
282527 283673
62280 66790
199952 202643
31407 39565
3033 11185
164094 173586
12766 20683
95134 101940
240228 249894
378668 380983
475300 478142
92654 110769
203336 206437
65591 66703
60289 68596
433838 435589
361839 365503
356384 363444
316945 319413
176605 182411
258820 266979
102093 109533
411401 412314
31514 38344
471714 477511
116989 120684
229231 235635
219725 221328
371499 379617
81208 83404
298017 302087
152506 156625
244308 250430
34589 36077
402877 407490
201057 202109
124767 133996
120051 120190
203969 213164
434218 435723
412470 416798
297187 304652
479825 486426
44306 49919
211977 221945
187320 191223
1948 9439
346646 354975
478761 482463
168938 178889
389555 397098
355148 363102
230849 232355
345261 345774
151629 160032
312384 314334
285111 286319
402662 406022
102084 104782
498614 500000
483336 489340
257705 260956
238994 243422
363103 367545
321303 323686
150633 156686
483066 491718
252006 256297
490491 500000
345912 351483
73547 75466
473986 474483
387551 397864
314379 320130
286732 289469
5181 9763
427137 430858
225365 233086
109657 117246
420687 422169
484464 484936
99245 99411
166034 176409
107063 114338
454902 457305
269329 276230
167958 177594
376467 380512
5312 9814
481398 485145
312142 316846
367386 375564
156822 163611
429868 433423
404557 408049
14282 16664
121249 124147
209160 211579
370468 377635
55893 58753
429917 433963
348131 351668
380355 387210
140309 147345
485843 495582
396308 398718
142084 146140
274370 276851
388509 395814
326720 330548
6571 14336
453982 462104
249704 252428
14959 23853
326278 336149
357918 366382
383729 388916
368663 375970
90740 98560
340382 341889
293000 293791
208813 209454
292673 297764
102863 109642
201696 202808
136981 142202
163543 164437
368712 369228
126308 127271
74905 80664
350498 356076
430823 440798
180612 188220
172797 177967
219077 224552
392057 395017
57749 58366
291173 295453
201260 208578
110267 111580
76907 82108
340101 349707
209539 216241
140079 143334
163361 168096
194220 201729
172766 181566
379341 383042
458507 459665
338447 341563
113537 120418
235923 239020
274969 277186
273519 273912
55663 61723
181600 191415
211313 219254
421689 428289
488053 496695
213055 220549
330251 330832
406472 414204
96908 97249
94891 98129
14039 20402
210407 211062
174889 177305
436995 437891
234959 236502
453248 457814
22780 27218
179897 180667
167722 173521
392680 394985
334192 338446
18905 23961
60352 68806
277170 282902
281795 290549
94879 102841
5010 30948
1506 1517
29836 29838
29622 29636
9564 9565
27566 27577
26779 26790
29817 29828
17829 17840
879 888
29484 29497
10498 10500
10960 10971
10976 10989
16141 16161
9665 9671
5168 5178
2591 2595
23856 23858
4584 4590
25257 25262
18842 18848
30447 30461
29479 29481
2671 2690
410 429
26295 26300
2413 2430
4259 4270
13491 13502
8018 8033
25265 25282
3639 3653
20020 20029
8738 8740
14580 14590
29104 29111
23810 23811
19541 19549
15876 15893
4382 4389
16899 16902
30301 30308
17097 17104
29058 29077
12410 12430
17031 17043
29826 29837
17361 17375
2532 2533
5874 5885
26544 26547
20728 20729
23912 23929
12249 12265
2703 2712
27176 27181
14930 14938
29677 29696
19252 19267
18592 18595
15711 15725
14096 14114
20050 20058
10658 10665
21936 21956
11342 11357
7263 7281
19902 19919
20912 20921
12845 12847
24759 24774
5651 5654
14863 14873
7638 7641
574 579
22603 22612
20704 20715
456 459
320 337
2775 2776
28693 28705
5995 5999
8031 8043
30193 30209
2053 2070
26061 26081
26359 26367
23141 23151
4243 4246
16286 16287
15237 15246
26929 26943
25999 26000
19634 19644
30641 30645
30697 30710
19419 19420
1354 1356
8680 8689
24593 24610
27809 27820
27947 27955
18098 18107
11267 11286
27505 27516
2194 2212
10281 10296
6300 6316
24482 24485
15875 15887
20261 20270
13466 13470
11964 11977
8967 8986
7704 7720
9609 9610
6296 6300
20886 20899
14316 14324
8250 8259
19361 19380
12571 12572
24910 24921
9316 9320
15289 15298
8579 8589
20188 20202
13609 13613
26035 26047
14876 14878
27635 27636
19547 19561
13636 13651
5376 5390
16636 16656
13907 13916
27421 27424
16967 16985
24071 24091
25011 25013
5148 5165
6589 6601
4307 4325
1041 1060
18008 18017
12636 12646
26 40
3379 3381
29787 29791
6780 6800
8068 8074
26356 26364
26121 26139
27066 27078
29558 29567
20940 20944
1313 1316
24890 24895
3145 3164
6280 6295
8547 8549
14453 14461
12342 12356
20643 20659
17003 17015
8996 9002
27003 27019
26855 26862
24563 24575
15312 15319
16935 16936
10493 10507
16834 16837
8172 8174
5782 5789
21012 21014
5534 5542
26829 26832
18017 18024
7857 7863
7082 7095
27923 27937
1161 1169
8540 8551
4463 4470
21278 21292
10513 10523
12198 12213
2047 2051
19794 19808
12423 12436
27702 27719
7678 7679
15360 15364
14944 14945
27320 27332
21126 21133
26049 26058
436 449
1197 1201
7244 7259
11869 11875
23032 23047
3046 3058
15319 15327
7182 7200
21866 21876
501 521
15497 15509
27991 27999
25433 25449
8584 8603
8885 8904
11225 11228
22998 23002
13917 13918
20589 20606
28376 28381
22759 22766
7113 7114
26830 26847
1667 1670
4887 4888
3944 3955
3412 3424
11649 11662
27868 27871
13723 13743
30080 30096
25618 25635
13423 13439
12856 12866
26022 26042
24353 24370
17775 17785
28272 28289
3721 3729
27884 27898
22322 22341
16476 16482
6539 6552
29697 29699
246 263
29482 29484
28429 28440
27963 27981
9256 9260
3849 3856
27073 27075
18413 18429
15745 15749
4177 4196
27037 27057
17550 17558
8207 8220
1440 1447
15568 15579
29175 29184
16002 16007
6068 6085
6619 6634
9711 9731
3479 3498
11144 11146
13388 13389
6253 6259
1724 1736
25459 25478
18355 18364
29953 29971
24170 24186
18168 18186
15997 16007
11887 11900
29003 29008
23359 23377
11940 11959
18527 18540
17520 17532
19917 19936
21324 21326
30186 30205
296 311
28539 28548
7283 7285
24810 24828
28472 28483
480 493
4626 4640
11566 11586
25677 25681
5975 5978
13483 13497
24806 24809
14674 14693
27451 27456
25815 25823
22798 22799
27998 28007
2997 3004
22641 22650
16345 16362
8562 8571
22756 22757
22224 22237
12149 12152
27637 27639
24410 24423
13301 13304
1558 1572
12965 12982
12603 12613
7876 7885
22423 22434
21501 21520
464 477
17680 17685
22333 22344
6958 6963
19452 19464
6936 6948
22436 22454
15414 15421
1312 1316
15413 15432
23324 23338
15744 15756
26708 26709
13022 13027
21413 21432
16900 16920
17020 17027
26402 26404
30068 30072
17149 17152
16384 16398
9425 9429
26471 26480
13768 13772
9603 9615
27874 27879
6408 6421
11020 11037
17660 17664
25866 25873
20300 20301
4967 4971
18620 18627
1307 1318
27912 27924
1664 1669
12695 12711
10830 10832
9817 9831
4521 4539
30884 30900
6763 6783
18165 18170
19872 19887
155 160
27550 27558
3388 3404
2079 2095
17080 17098
23715 23721
2837 2855
12803 12810
24623 24634
19429 19449
30541 30553
10716 10718
9014 9029
12712 12731
18229 18232
26311 26326
4370 4385
29288 29296
4889 4903
28768 28788
16930 16931
22622 22638
7844 7856
30235 30237
11701 11703
2999 3009
7163 7165
27576 27594
2427 2441
11318 11323
9107 9109
7906 7921
4319 4321
7971 7988
22587 22603
13151 13171
27786 27789
13823 13827
14757 14761
19526 19544
29107 29125
17363 17365
21815 21826
25144 25164
5764 5783
23279 23296
4225 4237
7761 7778
27264 27272
22771 22789
18226 18236
6258 6270
29686 29702
28665 28678
17551 17556
19097 19112
6412 6429
4998 5018
27134 27145
17708 17710
6151 6160
7962 7970
4724 4743
12192 12197
7255 7258
24121 24125
4010 4025
16486 16494
25616 25628
27359 27378
11286 11296
5190 5199
16523 16530
6979 6985
20254 20264
14697 14713
4489 4494
7849 7852
8429 8432
20877 20894
15510 15519
2275 2287
10326 10332
25676 25678
3535 3550
23949 23960
1297 1300
30539 30541
11635 11653
29041 29052
15281 15288
11437 11440
28898 28912
15455 15462
21465 21480
15033 15037
26800 26813
2452 2461
19502 19511
16727 16744
20039 20055
20623 20630
18943 18952
28232 28234
2403 2419
26709 26727
8317 8325
22398 22400
16602 16622
23862 23869
30307 30312
16838 16851
24261 24280
14843 14858
13160 13174
12793 12810
1987 2000
20166 20181
8868 8886
24438 24442
19570 19590
9402 9418
29340 29358
23691 23697
19867 19880
18997 19011
4576 4584
27951 27956
23621 23636
17715 17717
22392 22397
27240 27243
23338 23339
14478 14496
5695 5696
27376 27392
29202 29219
14523 14541
2768 2770
17163 17178
26707 26720
9203 9223
22269 22273
25599 25603
24772 24773
25138 25146
3377 3383
24535 24549
15576 15594
26491 26507
7825 7830
20327 20340
20970 20979
19142 19147
27128 27146
8674 8686
18380 18390
19170 19180
22741 22757
24798 24811
20386 20393
15105 15123
4715 4724
13856 13869
6911 6930
30762 30765
24284 24292
16949 16953
27891 27892
20225 20242
3215 3216
29862 29874
27145 27158
5049 5064
26525 26531
1265 1284
458 461
28115 28134
9744 9754
7420 7426
18319 18322
18462 18469
5924 5929
18471 18480
29574 29576
22075 22076
30113 30126
8804 8822
11064 11082
15382 15384
3082 3089
14489 14496
20273 20293
47 52
27949 27953
4465 4468
9046 9066
5910 5917
14593 14603
18334 18347
13147 13151
731 747
29399 29400
15857 15870
10558 10569
5032 5046
8287 8289
17429 17443
19517 19525
3657 3668
998 1002
18263 18282
28209 28210
30815 30817
7356 7375
7078 7087
27118 27126
11168 11172
12349 12366
11798 11801
18115 18128
28694 28714
22729 22731
25485 25490
14643 14647
17674 17684
8752 8753
4186 4191
26566 26577
16102 16117
20065 20074
10317 10328
18835 18851
15363 15376
23391 23396
7677 7679
20181 20184
13885 13886
11455 11462
7436 7438
11481 11488
3081 3092
4131 4134
13851 13859
10323 10338
27688 27692
17908 17923
7213 7233
18394 18409
601 605
4035 4040
498 506
25711 25720
17037 17054
181 194
17028 17032
17611 17622
30603 30617
9336 9348
1402 1405
5079 5097
25395 25404
29606 29612
2916 2925
14403 14421
4881 4899
13465 13476
21498 21506
11731 11745
22129 22136
2442 2453
23730 23734
20994 21008
2378 2386
8311 8323
25835 25847
11080 11090
17420 17438
9754 9772
28599 28603
23251 23271
12374 12393
4052 4072
30150 30153
25671 25676
21051 21064
4604 4608
7533 7543
10007 10023
15594 15597
22742 22754
22938 22957
27486 27498
10244 10254
11356 11359
5785 5789
28373 28386
14362 14378
14839 14842
16839 16841
19544 19550
23461 23467
3952 3954
24719 24735
19445 19448
2979 2998
23240 23248
7419 7426
11330 11337
24273 24283
16892 16896
27661 27676
26167 26183
23297 23303
12486 12505
14869 14889
26951 26955
613 627
28219 28227
5601 5612
13526 13533
16335 16337
15396 15406
21645 21659
18658 18671
11517 11532
15843 15857
2523 2531
1284 1300
13793 13813
17228 17231
2959 2979
3691 3710
9810 9815
24649 24661
10424 10432
1149 1157
10254 10265
9140 9143
461 463
14646 14663
1871 1880
22529 22544
26686 26706
14360 14375
1937 1951
21721 21732
11912 11913
25262 25264
1053 1070
28922 28940
27058 27073
10730 10750
20641 20650
1628 1630
18623 18636
17805 17822
11250 11262
17562 17567
14878 14893
28246 28257
4224 4226
8687 8703
15707 15727
18798 18812
24541 24551
343 361
21432 21441
11918 11937
12943 12958
2454 2467
19728 19747
10229 10245
20958 20967
13199 13200
1671 1689
30582 30591
2776 2796
10866 10867
1531 1547
25438 25458
7585 7595
28476 28482
28582 28597
1735 1745
24827 24841
2368 2381
0 0
6762 6765
19051 19067
11181 11195
6326 6328
27552 27567
27122 27127
1439 1449
19398 19417
20303 20309
3120 3126
26511 26523
1935 1937
13523 13526
25624 25636
7793 7809
1574 1588
11134 11137
7892 7904
4667 4678
9489 9498
17102 17119
18642 18657
18477 18490
22359 22377
13849 13865
9292 9309
10490 10493
30009 30013
5197 5215
3265 3273
30835 30841
7259 7260
3380 3383
25763 25778
10547 10549
5871 5876
1586 1598
21276 21279
27245 27254
28067 28074
21962 21965
19896 19908
27953 27968
16897 16916
15124 15143
16818 16823
11184 11204
14670 14673
17215 17235
13115 13127
28864 28865
27271 27281
220 228
8186 8200
12184 12191
9190 9207
12205 12209
20114 20130
17855 17872
12424 12432
10901 10902
12145 12149
5922 5925
27345 27364
14222 14236
22407 22415
7717 7734
19837 19841
10296 10302
8575 8580
5696 5708
27010 27029
28725 28735
21052 21058
8515 8518
14875 14877
4949 4963
22779 22798
28493 28510
15377 15386
26319 26328
22612 22627
23217 23234
25637 25655
20393 20408
4815 4833
24483 24490
21463 21471
29255 29275
29409 29411
11616 11627
29577 29596
26432 26450
6238 6255
29135 29155
22848 22850
13923 13943
7008 7017
24081 24086
29592 29605
12304 12314
9534 9543
20193 20202
10501 10521
23745 23752
8198 8209
8937 8950
12129 12147
19603 19619
5436 5449
5956 5964
13138 13150
4266 4283
18027 18034
17593 17594
11594 11598
30484 30499
22867 22873
24941 24959
20428 20435
14129 14137
14890 14908
23311 23312
8928 8930
16371 16376
24999 25014
22234 22250
10427 10429
22411 22422
28069 28072
18307 18316
27798 27807
14247 14259
12392 12412
1681 1701
9332 9336
20883 20902
15791 15808
23657 23664
26886 26896
17533 17540
19994 20005
4141 4154
16566 16583
14767 14785
22894 22898
18914 18919
28344 28355
2316 2332
9170 9175
10302 10312
18303 18306
19428 19436
13482 13483
18105 18111
10903 10914
30700 30701
10807 10814
15178 15197
16181 16198
7608 7614
26465 26485
24552 24571
22713 22718
5182 5190
26547 26566
22093 22101
3333 3347
16868 16876
602 622
16201 16212
15643 15662
25283 25288
16687 16689
11157 11163
12076 12081
1572 1577
20792 20794
5830 5839
17324 17330
5618 5638
22246 22262
2770 2783
4074 4081
4187 4192
5301 5315
29552 29566
6706 6709
25673 25674
19260 19271
25184 25202
6295 6297
23237 23239
17625 17627
6209 6211
964 975
13509 13526
22279 22282
7027 7031
21062 21073
26161 26177
15488 15497
14627 14644
12931 12937
30781 30786
1597 1602
23494 23512
25176 25188
5272 5284
4519 4535
13667 13671
22486 22504
28510 28523
2345 2346
8238 8251
5075 5092
30412 30431
19667 19680
11164 11167
7564 7576
9576 9590
7528 7547
28412 28420
12970 12980
830 835
20258 20261
27495 27498
5943 5946
16832 16833
7550 7570
12617 12630
22466 22477
27644 27662
29693 29696
324 344
17959 17968
4814 4825
22819 22823
10154 10171
26211 26231
5324 5338
7299 7314
4552 4558
29464 29465
29338 29349
1975 1995
6170 6173
2629 2640
12143 12146
4264 4265
27309 27322
22926 22937
17280 17300
20182 20187
28350 28369
11894 11907
18973 18987
14287 14301
20816 20824
4320 4336
29967 29981
19661 19667
10550 10557
11147 11155
11344 11357
19197 19211
21408 21421
17456 17467
18927 18946
9986 9990
19276 19284
23866 23874
23825 23841
4093 4099
17386 17406
25294 25311
28580 28589
4163 4183
13156 13174
3233 3251
24092 24101
13441 13442
29944 29954
2093 2100
20499 20511
29145 29162
14304 14321
21556 21568
30094 30113
25574 25594
14743 14748
5094 5098
22652 22663
9173 9177
16875 16886
1413 1424
14884 14890
10761 10780
887 897
4142 4143
13915 13917
12289 12290
9788 9792
21839 21850
9320 9338
17535 17541
23031 23045
7258 7276
5454 5472
5202 5203
16795 16806
23459 23460
27165 27175
15781 15785
23179 23199
30329 30341
14078 14097
11914 11932
5993 5995
18270 18283
24443 24462
11429 11434
20721 20726
11378 11396
7732 7751
72 78
16037 16054
7032 7036
4188 4192
18708 18727
10347 10361
20625 20645
12219 12231
6926 6930
18470 18482
1118 1138
21306 21325
4670 4688
26618 26628
0 0
12647 12661
21263 21273
10637 10645
7289 7292
7115 7126
3753 3759
9445 9458
23834 23840
8438 8452
9519 9529
21392 21404
6182 6200
20779 20792
29669 29680
15969 15971
27736 27742
23514 23520
17986 18000
30110 30130
21443 21452
27369 27379
3530 3537
7099 7114
8592 8602
28046 28064
21495 21503
9666 9667
15466 15486
5368 5372
27628 27636
14147 14156
10003 10006
29244 29246
24639 24641
7277 7279
16048 16065
12538 12544
10671 10687
22229 22237
16680 16687
18670 18671
26081 26091
11565 11568
22716 22731
21245 21258
4349 4367
24063 24076
7016 7027
9160 9178
1583 1592
14075 14092
24216 24229
29214 29215
12902 12910
26147 26154
23601 23617
18167 18170
10280 10281
28357 28375
3091 3100
7218 7237
25935 25944
26790 26803
4173 4183
7665 7679
22999 23018
12679 12694
28364 28379
8517 8531
25192 25207
3763 3778
28327 28345
23106 23108
29385 29386
24865 24884
26079 26097
2880 2882
1703 1713
11923 11938
13426 13429
30071 30074
5031 5047
10026 10039
14984 14990
23853 23859
618 624
7035 7040
14564 14577
7699 7704
20925 20934
24347 24352
22732 22735
15091 15096
17668 17675
4750 4767
21779 21791
25335 25342
17666 17671
2995 2996
5865 5868
27227 27240
23965 23985
10813 10821
23665 23671
10042 10062
9970 9988
25313 25323
3964 3982
12526 12546
11549 11559
2586 2591
4298 4302
12269 12270
22691 22697
29386 29390
10483 10485
10430 10449
19586 19593
10460 10476
26082 26095
13258 13276
16561 16566
4032 4035
903 917
3462 3467
25336 25350
5812 5830
20734 20743
20579 20592
17946 17957
28103 28109
22385 22395
19819 19822
26013 26018
23490 23509
8758 8773
1966 1967
1554 1573
18451 18464
1774 1783
898 900
21760 21766
2905 2916
23897 23917
7579 7585
12323 12337
13991 14005
9388 9391
10913 10923
11233 11238
3199 3212
16077 16078
9472 9489
24575 24593
30893 30899
20439 20447
19659 19666
20918 20938
12778 12798
8290 8308
30279 30282
19299 19318
11511 11531
26609 26619
9080 9094
13814 13823
17398 17414
1588 1600
3489 3509
24538 24548
18874 18887
5248 5263
5270 5280
24848 24854
3507 3524
9735 9737
11092 11099
3669 3678
9517 9522
1941 1955
7919 7932
25790 25809
17556 17567
23427 23436
25511 25527
21317 21319
12437 12442
6130 6133
19064 19077
10930 10935
23129 23147
217 222
25122 25127
22270 22278
28590 28606
12338 12356
19240 19247
14470 14488
14064 14072
19348 19363
18679 18691
21468 21475
10789 10808
9441 9458
22569 22579
22942 22954
22988 23004
29722 29739
29991 30004
20992 21004
3991 4011
11148 11159
16293 16297
21277 21289
23738 23744
9306 9313
28005 28019
26095 26104
20029 20040
22118 22138
23374 23394
30156 30167
22180 22199
6215 6228
29353 29369
13739 13754
21034 21039
19106 19123
25925 25928
15953 15969
14193 14204
15797 15804
24400 24413
29066 29070
18124 18130
28211 28229
30816 30820
17978 17987
19083 19095
4391 4410
8683 8686
9575 9578
867 880
20572 20578
24040 24060
114 134
3009 3022
26414 26430
14503 14513
24508 24514
22868 22871
10130 10145
22331 22332
3295 3303
29806 29823
23998 24015
5144 5153
3675 3679
27472 27490
20154 20171
721 732
27214 27223
30740 30754
7958 7964
7143 7159
10201 10214
2043 2061
5878 5886
9716 9729
11345 11360
11211 11226
20840 20857
16936 16950
19331 19348
4065 4072
29885 29899
25170 25189
8347 8367
9525 9532
3925 3932
27181 27196
28893 28899
28974 28989
15626 15641
18001 18008
14260 14278
22832 22837
16495 16509
21493 21511
14958 14978
25905 25921
22851 22855
22433 22437
5801 5816
6513 6521
7741 7746
21580 21593
10225 10232
6533 6536
13201 13218
14051 14062
23751 23758
6842 6860
832 850
1881 1885
3883 3893
30903 30917
4971 4990
9044 9048
8145 8161
21787 21795
8955 8975
28867 28887
5207 5225
16565 16575
10253 10254
29039 29041
11336 11346
9119 9136
6135 6153
2052 2054
10306 10310
3566 3580
10560 10568
30701 30706
21821 21829
14836 14840
17905 17909
12204 12211
7700 7711
18157 18158
15177 15178
18734 18752
19763 19781
12510 12517
15253 15258
30209 30229
10916 10929
26727 26747
681 692
7133 7145
18159 18169
1196 1197
12625 12639
29052 29058
28562 28579
957 973
6268 6280
10408 10412
16631 16647
3206 3207
8446 8452
4169 4188
29860 29867
13598 13611
781 785
28086 28106
15971 15982
23347 23354
30137 30142
12959 12977
5636 5656
26743 26757
7985 7997
26459 26474
12927 12938
16120 16136
6578 6597
17584 17599
19267 19272
4472 4489
30874 30877
11405 11421
7327 7347
11357 11377
3059 3070
28397 28411
9002 9013
3247 3254
10120 10128
12668 12681
1236 1238
1748 1761
25427 25446
12978 12998
10662 10681
27203 27223
27155 27156
23502 23521
5372 5377
4663 4664
10426 10437
15720 15724
29549 29551
7808 7813
30875 30891
22149 22169
4893 4913
25392 25409
3466 3471
5566 5580
5290 5308
8467 8480
10210 10230
9830 9846
26696 26705
12743 12760
5925 5942
21527 21530
17001 17002
26809 26828
196 207
11261 11278
14502 14508
12895 12906
14049 14063
9163 9168
16377 16390
16364 16373
620 629
5122 5139
18889 18891
7780 7793
11576 11595
5097 5110
16277 16285
9549 9569
21636 21651
5283 5300
17338 17348
16324 16327
18329 18337
6250 6257
11564 11567
25788 25789
3339 3357
6938 6942
14663 14681
25885 25901
21890 21909
15175 15194
17927 17928
1540 1557
15749 15766
22953 22969
6730 6733
25737 25752
20398 20415
21490 21493
16022 16029
25501 25505
10749 10758
30862 30866
7601 7605
18823 18836
19932 19949
22521 22523
14554 14565
2484 2494
12361 12373
15398 15410
29499 29518
1879 1885
19823 19843
9 27
5825 5829
5265 5266
17348 17349
29620 29621
3467 3484
6896 6907
7 18
8524 8539
25007 25023
30753 30772
14223 14234
25279 25285
27627 27634
30424 30442
27880 27896
30801 30812
2226 2228
24065 24069
26182 26194
6690 6706
5143 5160
30001 30008
13765 13777
2061 2079
23215 23218
6358 6370
8227 8238
14835 14838
0 0
25966 25974
28298 28307
8054 8065
24907 24923
12263 12265
6041 6049
9000 9004
2014 2033
10690 10698
14379 14393
5266 5269
30765 30785
3425 3440
4044 4051
28292 28309
30631 30647
13429 13448
4002 4011
4217 4229
18141 18145
25854 25856
10947 10962
12003 12022
24089 24108
25658 25671
16607 16621
9592 9600
30034 30053
17613 17629
6669 6689
28796 28803
21111 21123
20353 20355
4304 4315
27525 27542
13745 13759
20868 20873
30722 30734
6050 6068
22058 22074
4765 4779
9159 9178
15481 15485
25100 25116
16731 16741
7077 7078
11763 11783
13748 13750
13508 13511
28596 28599
25702 25711
20798 20817
18295 18303
5288 5296
2463 2470
19113 19120
6223 6234
14311 14326
16362 16373
24820 24833
29291 29294
3978 3984
14169 14170
14605 14617
20378 20395
6653 6670
23339 23354
27119 27122
19485 19501
1406 1422
1093 1106
5723 5739
16601 16618
11558 11570
24944 24961
8440 8445
11759 11764
8887 8891
11036 11049
29825 29830
28132 28144
21437 21452
20201 20217
14804 14824
0 0
3654 3664
26248 26260
5090 5107
19862 19866
6338 6357
11820 11838
9772 9778
14538 14553
22824 22830
1035 1049
26300 26311
25721 25736
11454 11464
16056 16062
6483 6497
3778 3787
29756 29770
9028 9041
17169 17177
20726 20727
30644 30651
6874 6886
14714 14728
174 183
12390 12399
2817 2824
25193 25209
26920 26932
13938 13943
21218 21219
13863 13872
21951 21966
15815 15825
6493 6507
28686 28697
19289 19306
29799 29800
28988 29005
19970 19987
30357 30359
12478 12479
5863 5868
2575 2582
2396 2402
13559 13574
474 480
26411 26431
9677 9685
1408 1409
17901 17904
11606 11613
23316 23327
3155 3169
19255 19257
20111 20118
29193 29202
9005 9012
14586 14593
19291 19303
9876 9896
28825 28831
19253 19258
17214 17215
2693 2696
14734 14744
22207 22216
19557 19568
6311 6322
12220 12225
5411 5426
8094 8098
26827 26829
28223 28231
15015 15028
27204 27223
19018 19023
24738 24747
30226 30230
22511 22522
18758 18766
24310 24317
17646 17652
19204 19205
19245 19249
4709 4720
25012 25020
2666 2674
22671 22676
11094 11100
1409 1422
28788 28800
19786 19795
4597 4608
23246 23250
8261 8276
1520 1530
5892 5910
29754 29773
10654 10663
24360 24379
19505 19524
112 116
24681 24696
3897 3917
30432 30434
22348 22358
22386 22392
15534 15536
23382 23393
19162 19169
25696 25704
23211 23216
23423 23431
27694 27703
14288 14307
12385 12388
29534 29542
18748 18758
15602 15622
8643 8654
993 1007
5429 5432
4557 4576
17509 17519
18535 18544
29719 29730
25852 25864
10125 10129
29895 29907
392 400
13469 13486
15219 15233
21544 21558
19957 19975
8465 8473
9600 9614
7411 7413
21000 21020
11258 11260
4063 4069
11232 11244
3372 3377
9595 9603
26094 26097
29241 29256
18228 18231
15336 15351
13721 13728
20982 20990
22738 22741
22970 22971
4872 4890
5110 5122
18543 18551
14787 14806
29785 29789
337 350
24675 24680
21981 21996
16035 16036
1 30
2825 2837
4137 4150
1167 1175
8551 8554
20855 20868
6778 6779
16287 16294
19058 19074
154 160
14430 14447
4076 4084
29918 29933
2273 2290
6710 6729
28874 28876
18953 18958
1158 1165
29873 29883
21942 21954
6366 6370
16952 16964
15409 15412
7950 7955
13746 13748
16358 16375
24336 24338
28862 28874
29272 29290
22852 22866
28317 28332
2449 2453
4033 4042
11886 11893
8448 8463
29096 29116
27896 27912
3612 3616
29389 29400
23808 23817
6995 6997
4984 5002
1377 1385
19305 19324
7452 7464
3646 3665
18432 18444
30683 30697
9896 9899
7412 7418
6703 6705
25902 25904
19988 19991
5757 5764
15541 15561
1752 1770
20944 20946
2736 2747
1579 1584
19180 19198
22083 22092
19206 19226
6478 6491
8040 8059
23322 23323
28012 28028
1822 1835
25417 25424
3641 3645
6528 6531
29792 29811
1281 1287
1464 1477
23634 23643
29292 29306
13271 13281
12669 12680
7437 7456
27391 27404
26629 26644
25593 25603
24017 24028
13590 13609
523 532
13131 13133
9955 9958
4339 4358
2583 2586
24551 24555
25087 25100
4803 4813
4423 4437
23571 23575
7172 7181
13852 13855
27187 27207
30468 30479
4078 4089
3251 3265
1400 1418
20607 20622
5383 5401
10033 10036
16001 16002
28853 28863
22766 22768
19257 19259
10295 10297
22010 22016
20017 20020
11384 11394
8985 8992
20153 20168
23235 23240
3533 3536
22829 22831
18421 18433
9186 9195
25516 25535
4058 4062
16712 16715
7833 7852
12163 12173
8793 8803
21515 21517
22464 22473
29033 29038
3617 3637
30371 30387
9358 9373
4389 4395
472 485
28679 28695
6929 6948
13847 13867
2509 2519
20606 20621
393 405
1219 1238
28732 28750
9559 9568
11030 11036
16713 16714
26322 26331
14922 14938
27955 27965
14509 14527
27201 27204
18519 18536
22702 22714
8650 8657
9900 9916
14799 14811
9819 9828
4909 4913
14710 14726
12153 12171
14834 14835
23661 23674
4246 4251
26674 26678
17071 17078
29839 29843
9736 9755
19062 19081
14382 14391
12671 12689
17312 17315
3048 3065
3528 3536
8097 8100
2001 2015
21747 21755
10819 10824
16801 16817
5672 5684
22631 22647
29758 29764
8441 8446
24979 24980
26008 26019
18941 18954
30316 30317
11746 11766
3963 3964
5790 5798
7586 7593
3138 3158
23673 23690
8846 8859
2261 2279
876 885
25314 25334
1631 1647
448 460
7071 7082
15415 15429
22638 22654
21238 21257
11118 11132
23926 23935
16442 16460
1951 1955
9042 9046
27834 27850
770 787
14599 14613
27060 27068
18909 18918
6839 6842
16083 16094
9326 9340
17185 17195
1791 1807
24861 24876
22599 22603
13764 13765
6838 6845
2706 2720
2206 2224
7826 7827
25914 25929
25424 25430
19447 19455
21584 21591
18545 18553
28804 28820
16273 16285
6993 6995
30751 30753
13250 13259
4302 4305
10544 10549
30806 30814
16438 16441
6517 6531
29761 29774
29568 29577
20230 20244
16075 16076
9135 9140
16263 16269
16395 16413
364 365
26163 26173
26500 26502
21847 21861
24795 24810
29310 29319
1028 1036
27895 27906
3564 3566
22012 22018
10223 10235
23612 23631
24579 24587
5712 5728
25655 25673
14744 14756
10680 10686
21790 21796
20290 20296
1347 1353
13361 13372
14565 14584
2107 2108
6657 6666
1570 1571
1287 1304
21339 21351
6023 6025
26767 26786
2347 2367
24346 24351
30370 30371
2039 2057
9016 9020
18365 18383
27805 27808
11864 11868
10782 10790
10524 10536
777 780
2436 2441
24631 24636
27173 27176
3632 3648
21864 21867
25959 25965
18015 18019
20574 20581
7749 7762
2864 2874
16715 16727
28134 28145
14493 14501
5977 5985
6092 6109
27170 27178
8712 8732
26045 26050
30833 30835
24070 24074
23796 23816
23249 23260
9118 9132
30508 30524
23448 23460
29437 29452
12060 12074
3987 3994
524 540
12233 12249
7390 7407
28920 28938
1379 1382
26523 26534
2465 2484
21475 21490
9919 9924
17350 17363
21628 21636
1320 1339
11802 11814
3208 3209
2415 2427
10311 10320
1898 1907
6997 7005
1225 1245
20245 20253
16132 16133
14167 14173
16225 16239
27075 27093
5310 5323
26899 26919
9239 9244
26849 26858
3436 3443
10643 10657
8939 8956
25163 25176
13503 13522
25954 25971
21152 21158
16126 16133
22018 22037
12288 12301
18574 18584
24869 24886
20516 20531
25973 25991
29876 29885
10262 10280
10346 10357
19914 19922
20357 20362
11201 11204
17952 17972
12162 12178
25870 25887
4283 4303
26775 26784
10075 10090
5713 5725
27035 27044
20354 20367
16045 16048
22709 22713
17699 17706
20419 20430
17490 17500
26893 26898
3035 3051
12471 12486
14422 14442
22400 22419
9347 9348
25813 25819
26443 26455
17628 17642
3291 3297
16932 16935
28813 28831
532 535
17734 17754
6623 6636
15518 15532
12829 12838
25354 25373
6058 6077
16827 16834
28637 28642
3065 3081
10936 10956
19887 19904
24101 24121
14798 14800
29401 29420
463 468
10572 10590
273 284
9229 9249
2895 2913
11090 11109
9573 9578
17485 17500
6133 6135
28909 28912
24168 24185
10150 10163
17320 17334
9484 9489
25112 25129
20252 20270
19063 19071
12294 12300
20175 20180
23587 23593
28871 28873
19750 19763
22147 22160
2762 2771
20351 20367
25471 25486
8614 8633
6788 6795
8936 8941
9840 9851
19580 19581
12300 12304
24150 24158
955 970
9960 9961
12998 13011
9935 9954
5788 5789
21318 21330
27676 27695
748 750
1009 1018
6882 6897
20913 20918
20162 20172
4914 4921
8228 8243
10868 10877
5502 5503
29071 29081
13571 13583
21819 21827
11605 11607
19842 19858
15067 15082
9309 9318
27416 27430
11139 11155
828 838
7779 7782
13184 13204
6063 6065
28120 28131
8163 8171
14874 14887
541 559
0 0
18183 18194
1260 1268
30741 30758
12908 12926
16318 16326
7827 7834
1382 1385
29073 29085
29472 29489
19566 19580
19894 19896
3317 3337
7960 7964
27905 27917
29823 29825
5706 5721
5106 5114
18343 18346
365 385
18611 18622
3448 3451
10968 10979
26507 26510
27585 27595
21172 21192
12684 12693
29653 29670
13838 13849
25858 25871
1713 1722
23477 23484
29018 29035
19685 19702
7801 7805
6211 6214
7628 7633
9066 9079
13761 13769
28475 28478
974 992
20352 20355
7089 7092
27086 27101
27734 27743
18817 18826
13336 13350
20091 20106
27608 27626
11310 11321
3804 3808
13826 13827
2845 2865
11105 11107
19012 19022
627 642
29334 29352
21099 21111
24757 24770
24468 24482
16414 16416
18686 18698
14071 14074
29523 29526
3198 3201
28403 28413
10083 10097
11867 11868
23857 23868
20871 20882
7242 7248
27418 27426
3264 3265
306 321
24773 24787
6905 6910
11736 11747
15163 15176
2797 2811
14832 14839
7803 7810
18888 18891
11889 11895
19066 19083
21909 21926
9566 9568
16744 16747
26423 26432
23398 23411
1993 1999
8926 8929
4614 4629
26381 26383
9811 9829
10207 10209
7309 7317
19121 19124
16415 16431
28210 28224
798 809
1159 1166
11042 11046
1076 1086
29942 29945
3954 3963
6753 6759
17226 17229
1454 1463
26292 26301
3525 3537
18233 18251
26015 26019
21486 21499
15891 15892
1445 1460
4640 4648
14784 14796
24006 24018
24428 24437
16740 16756
13614 13630
6422 6434
23069 23087
18143 18152
26992 27003
8554 8574
18300 18305
0 0
17692 17701
12048 12060
20731 20745
1069 1075
15047 15058
4953 4971
30173 30174
23018 23033
27319 27322
254 271
29527 29541
3107 3116
20695 20711
9241 9246
25812 25826
23873 23891
10607 10626
18251 18261
7166 7183
29660 29676
24894 24908
16628 16630
29295 29312
24588 24605
5432 5437
28523 28525
23779 23790
28972 28980
13955 13961
28970 28973
24202 24219
11117 11125
17929 17944
9365 9381
16824 16830
13379 13380
21572 21581
9390 9410
4731 4748
2660 2672
30355 30360
18903 18911
8886 8893
13127 13145
24857 24864
16298 16304
17878 17896
28415 28426
24682 24688
3193 3197
21853 21855
3592 3596
26737 26740
22525 22531
24025 24041
6407 6415
24037 24041
192 198
30803 30807
19020 19040
13947 13954
18714 18725
15022 15027
18571 18576
20542 20551
9947 9956
4410 4419
12309 12322
12394 12401
15217 15218
504 522
11463 11468
23457 23459
8408 8414
1359 1372
22872 22889
1238 1239
6586 6595
20744 20761
27933 27953
26357 26359
10141 10160
16139 16158
8409 8412
30477 30481
22564 22576
10660 10662
27500 27515
18082 18091
2836 2852
27982 27990
11292 11299
8791 8792
13446 13465
10838 10854
3384 3390
11057 11074
19870 19886
19211 19229
29215 29217
20078 20098
14171 14186
3463 3467
16413 16414
2766 2775
14154 14160
21586 21593
150 161
27455 27458
26270 26286
26957 26973
28910 28911
27211 27222
9567 9572
17891 17896
4685 4687
13363 13370
30302 30303
12734 12742
20270 20271
7864 7867
10135 10145
8888 8898
6963 6982
2930 2945
5559 5566
11622 11632
4364 4366
20301 20305
19953 19963
19168 19188
4303 4320
19413 19430
23556 23571
15212 15218
1176 1181
13932 13946
5862 5865
10566 10568
27639 27654
6637 6649
22700 22703
457 463
16697 16716
17448 17459
16475 16479
9021 9026
9875 9888
13078 13090
9967 9969
7747 7750
25086 25088
16843 16851
14687 14697
22753 22755
17498 17512
17718 17726
12440 12456
6091 6105
835 852
2515 2535
15921 15922
15554 15571
5777 5782
20931 20941
25448 25464
24996 25003
1952 1972
7630 7636
21755 21767
16746 16754
10149 10152
6933 6941
30494 30505
26194 26204
28497 28514
19090 19100
13302 13305
29316 29333
27013 27015
9961 9972
30931 30942
2725 2734
6535 6539
25034 25044
6651 6662
8652 8657
5263 5273
4329 4342
29347 29367
0 0
5491 5501
4876 4887
5653 5673
29098 29105
24130 24146
12090 12110
502 506
21854 21864
2810 2829
21528 21548
28191 28201
6460 6467
15439 15456
24122 24123
2823 2824
25230 25250
11831 11849
19246 19263
22764 22765
29700 29716
18589 18607
13821 13823
22733 22737
2182 2191
29602 29609
11540 11551
21767 21775
14815 14826
23792 23797
28179 28184
714 721
289 298
21851 21853
3315 3320
30782 30800
7040 7053
23187 23200
19148 19167
29539 29550
12816 12818
23062 23078
9778 9796
14243 14259
30006 30009
20145 20152
23109 23120
14905 14916
21085 21100
26943 26945
824 832
11780 11787
285 297
28377 28397
5853 5860
15475 15482
27459 27467
24348 24352
20023 20030
4116 4130
12075 12087
3131 3138
16466 16471
933 952
12479 12480
24158 24171
25437 25442
14761 14772
12545 12554
6649 6657
3629 3647
5512 5516
20361 20362
20950 20957
7502 7507
577 593
9892 9908
16530 16547
14133 14148
24283 24284
13411 13429
4907 4909
8461 8477
5204 5209
12768 12777
7207 7214
9828 9838
15950 15954
23471 23485
14755 14758
28336 28350
30267 30280
3133 3142
20658 20665
28508 28526
3360 3375
6040 6044
9924 9936
3209 3225
18086 18101
18381 18400
13652 13666
3410 3418
7652 7666
27235 27239
29822 29823
21999 22010
18281 18289
12033 12047
566 572
6768 6783
23480 23496
28283 28286
13665 13666
15385 15397
29874 29880
28844 28854
20223 20233
12085 12098
5409 5415
25695 25703
20342 20361
10093 10110
8808 8817
10187 10207
4232 4249
20565 20583
15981 15999
10589 10608
14186 14206
17873 17877
15308 15312
16688 16698
23977 23978
21945 21965
26705 26711
24734 24751
10434 10439
1324 1328
17194 17213
16890 16891
9094 9108
7655 7670
28865 28868
5998 6013
18615 18624
18515 18519
20034 20041
23098 23105
11226 11231
2147 2165
15008 15024
20793 20804
22024 22039
1098 1114
13945 13961
23539 23558
2092 2095
5866 5881
10400 10408
29 45
5859 5868
4256 4258
7750 7762
11328 11336
24697 24712
7602 7606
25374 25394
17415 17418
6733 6748
6199 6208
22623 22626
24849 24852
30557 30570
2534 2535
1077 1095
23355 23359
30763 30765
8505 8511
357 374
23247 23251
3403 3414
28831 28842
6741 6756
18853 18873
19145 19160
28214 28217
22647 22650
9913 9922
9012 9031
11663 11681
20510 20522
23911 23930
1497 1506
27243 27253
20527 20538
6169 6171
5504 5512
8550 8562
13158 13172
12689 12709
28156 28175
22549 22555
3855 3868
2495 2505
26843 26851
24258 24269
131 150
29958 29969
3358 3361
17713 17720
24395 24411
25003 25012
18150 18162
5552 5566
6556 6573
12111 12131
3188 3194
23702 23716
14206 14208
7124 7138
15188 15202
7062 7074
25300 25320
19648 19651
20363 20368
21888 21889
16066 16077
8640 8650
9858 9864
22843 22845
14748 14762
9287 9297
19907 19915
27151 27155
7284 7297
18489 18509
2303 2313
17507 17509
19856 19862
14445 14455
30826 30831
3527 3533
13394 13405
7486 7502
28324 28341
14390 14404
21201 21219
5536 5551
22408 22411
26475 26495
6546 6563
7055 7070
30073 30084
2165 2181
17764 17779
21072 21078
11738 11753
19705 19724
1836 1838
26538 26550
14225 14245
14336 14352
6230 6247
28631 28642
13750 13768
8709 8712
20268 20271
10179 10196
4162 4164
18763 18781
13295 13302
12925 12926
29671 29683
16734 16751
12721 12723
27894 27895
19807 19825
28165 28178
15040 15059
12797 12812
20219 20232
3729 3741
749 768
15838 15852
26763 26768
11205 11219
20683 20693
28144 28149
20718 20727
689 707
24878 24895
27456 27471
3114 3121
13737 13738
16247 16265
27692 27695
16091 16102
26430 26433
18741 18752
18262 18265
2208 2225
13292 13296
22177 22181
21267 21283
6754 6771
20956 20964
18596 18600
30587 30606
6441 6444
14969 14977
10038 10058
2659 2665
7460 7476
5609 5616
9496 9508
25650 25655
17418 17419
26738 26746
13178 13182
18028 18037
25506 25513
17681 17691
11987 11996
5771 5782
11588 11597
3217 3232
7151 7166
28915 28920
20077 20078
8656 8665
24317 24337
23903 23915
15689 15703
4146 4166
26862 26881
4587 4596
3914 3929
19329 19343
9863 9876
11953 11963
3181 3184
15427 15447
5468 5479
27074 27076
929 932
24916 24922
2138 2146
8331 8337
14400 14402
3786 3789
12292 12303
28818 28836
18812 18825
26526 26538
13711 13724
23663 23673
23518 23525
17349 17352
12847 12855
17016 17036
5982 5998
22651 22652
9872 9890
20218 20221
8839 8846
29748 29766
2861 2866
14587 14604
19107 19115
2005 2017
260 275
16008 16022
7841 7851
26204 26208
9200 9205
16328 16342
6857 6873
16189 16209
25246 25252
17649 17663
16213 16231
17309 17323
8416 8433
15490 15496
30925 30929
3736 3752
8139 8145
26057 26075
3913 3930
6245 6252
19834 19840
29924 29941
20900 20906
3864 3884
49 57
22797 22812
23531 23537
2100 2108
2122 2130
14965 14968
5093 5098
30354 30367
22082 22087
14437 14446
18055 18075
3121 3122
21346 21350
5458 5478
12771 12788
13528 13544
9658 9664
30139 30147
22251 22270
12593 12599
3573 3581
27498 27504
28997 29006
20593 20604
8522 8532
14159 14163
25226 25236
16337 16356
28020 28034
17817 17830
21350 21368
15782 15799
21594 21600
12553 12566
10629 10639
23392 23397
30231 30234
28758 28774
26741 26742
20148 20153
26644 26662
21932 21938
25274 25282
30282 30300
1834 1841
16993 17006
25778 25794
12433 12450
8326 8341
2504 2520
27778 27794
18928 18947
4399 4406
25216 25219
1165 1175
8412 8415
27199 27200
20338 20342
8254 8260
10850 10865
15734 15741
17841 17861
24642 24650
24987 25002
21559 21572
10353 10371
976 984
21372 21382
23690 23708
8671 8690
24659 24676
7625 7627
27301 27309
30317 30318
22037 22053
21929 21930
2267 2273
24945 24964
13871 13891
14004 14023
22190 22210
19620 19626
4775 4784
6985 7001
9495 9513
17057 17068
23115 23130
28276 28286
25809 25815
13944 13948
7474 7489
345 360
13905 13906
11432 11438
27065 27069
4997 4999
5683 5687
20274 20294
8837 8839
27464 27473
17468 17485
14645 14660
11354 11362
22500 22510
24511 24514
24612 24619
9792 9795
3837 3853
13728 13742
18211 18228
398 403
16987 16993
5881 5892
7607 7609
9178 9187
11800 11815
7626 7633
8532 8544
18789 18794
30658 30668
30414 30425
24530 24548
26599 26609
5337 5350
23192 23202
16097 16112
28527 28538
3790 3794
5323 5340
10623 10629
29218 29233
10109 10126
8744 8747
28146 28153
25534 25547
7434 7451
21861 21863
21310 21324
11464 11479
3267 3277
16763 16777
21123 21138
29475 29485
11050 11070
29267 29282
28751 28758
15679 15691
7346 7362
14679 14690
1252 1265
16343 16345
28715 28731
25312 25322
13596 13609
27215 27218
23812 23827
28457 28477
5008 5020
21036 21054
28201 28215
27285 27288
27436 27456
6387 6397
589 603
21518 21534
9539 9552
21382 21390
5477 5494
16509 16523
8204 8217
4366 4376
30237 30251
27414 27418
6317 6332
17704 17705
13541 13548
3024 3043
1317 1319
30440 30454
21714 21721
29982 29990
25818 25833
11561 11563
4356 4372
27910 27925
4867 4872
1743 1756
17473 17492
10446 10463
2381 2396
16751 16762
18782 18791
2893 2895
21771 21780
22722 22731
21367 21378
27856 27858
30502 30509
8161 8163
15709 15714
30304 30309
20058 20075
6597 6602
17264 17265
25990 25998
11390 11399
2031 2038
12190 12192
24057 24063
10633 10637
18111 18117
26368 26383
29412 29422
20596 20606
18469 18473
4874 4875
10167 10183
16847 16852
24746 24761
19359 19363
9680 9687
15101 15104
20573 20575
8667 8680
1233 1238
6796 6808
10687 10689
10379 10397
30643 30651
11106 11126
23467 23470
30065 30074
17230 17242
27521 27526
19908 19918
2733 2752
30865 30868
14370 14378
6123 6129
29082 29096
19254 19256
5556 5563
26502 26511
1355 1356
25048 25066
10537 10544
2050 2069
11630 11633
20333 20339
6174 6181
18505 18509
27180 27186
8403 8420
6795 6807
16243 16252
7870 7874
11871 11887
12519 12530
28811 28821
8032 8047
28383 28386
6664 6668
15089 15103
9026 9028
5748 5759
27191 27209
22625 22637
26935 26952
26593 26603
12957 12958
26375 26386
28444 28462
11788 11799
25402 25416
27141 27144
20907 20920
17333 17343
2135 2145
14026 14046
9689 9704
13083 13099
75 93
28661 28667
4073 4075
18037 18044
13051 13070
9411 9430
15293 15307
8338 8355
12082 12084
5018 5037
26870 26889
17643 17652
19682 19693
11424 11435
1877 1894
24499 24515
3185 3191
14055 14064
20368 20383
1907 1922
30312 30325
28230 28246
26684 26689
20377 20381
7934 7951
30934 30948
29367 29386
18506 18517
22656 22671
20446 20462
22598 22606
28586 28589
7435 7436
27267 27283
21054 21073
4603 4614
1568 1571
26946 26951
4143 4145
1137 1152
20939 20941
23148 23168
18753 18761
21610 21629
10151 10158
30528 30546
19039 19051
18021 18024
26218 26235
23852 23866
19582 19597
17366 17379
16029 16036
4096 4116
12766 12774
18492 18495
20827 20842
4390 4399
7820 7834
8464 8469
21658 21668
15462 15468
8458 8461
19649 19662
7188 7195
7294 7298
14722 14731
28740 28760
24917 24934
16779 16797
10894 10900
16616 16627
29843 29852
8572 8580
9654 9662
2084 2093
12389 12391
16849 16860
21970 21973
1311 1313
21978 21980
6369 6389
3581 3601
13669 13678
13533 13543
7406 7410
4624 4638
20228 20232
7549 7550
17595 17615
29162 29181
30387 30402
1770 1778
11805 11814
6445 6464
9146 9150
23497 23507
20966 20971
489 502
22846 22861
616 621
14913 14921
26601 26611
28358 28365
11596 11607
18560 18571
8273 8284
10772 10784
811 826
5587 5602
2954 2958
24119 24129
25682 25700
15760 15778
18641 18652
16480 16489
23931 23950
12650 12668
25757 25762
16313 16324
18522 18533
3981 3986
21128 21143
19804 19808
11438 11443
17527 17542
15882 15896
10719 10732
7191 7210
16165 16183
23778 23779
29017 29024
11234 11250
20390 20400
25253 25263
26403 26411
8194 8201
8084 8096
25735 25752
26152 26164
24384 24394
2055 2063
13276 13295
12833 12853
16062 16067
9686 9688
11108 11121
13700 13715
23764 23772
20709 20710
19482 19484
8754 8758
9958 9962
18379 18388
27244 27247
615 622
10766 10775
13080 13084
14946 14956
16522 16525
3513 3525
28001 28021
9331 9333
2947 2953
27961 27973
27559 27578
3919 3930
18906 18908
9606 9609
11005 11025
22670 22679
16270 16275
8493 8510
4135 4146
14117 14129
8525 8542
3123 3133
22934 22943
15871 15878
27261 27268
29615 29620
1970 1971
57 76
29713 29730
21216 21217
4645 4660
16842 16846
8422 8426
21939 21948
28960 28976
14017 14030
10062 10079
913 927
24157 24161
10990 11006
4493 4498
1179 1197
17114 17133
16379 16380
16422 16442
20759 20775
2565 2582
30250 30267
9667 9685
28421 28440
29816 29825
23944 23962
29109 29124
10759 10761
16451 16453
4418 4430
15621 15633
3677 3696
7989 8009
21315 21317
24296 24314
24289 24298
25831 25841
13692 13703
9627 9631
24248 24259
9607 9612
6567 6573
21076 21089
23522 23532
28549 28555
10831 10843
14606 14608
11660 11667
28071 28079
19421 19426
8208 8227
18130 18131
28677 28683
18994 18999
28621 28630
11338 11342
24513 24530
16489 16501
0 0
8600 8616
22795 22798
8845 8847
12291 12292
22042 22059
5799 5803
27062 27076
2696 2707
20272 20282
14561 14567
4838 4856
13351 13361
6814 6824
22836 22855
29956 29961
22314 22330
2244 2251
12720 12723
10287 10302
28445 28458
24713 24722
11615 11628
18292 18296
26001 26008
18918 18931
24053 24056
8427 8429
1821 1827
27275 27284
15936 15940
26575 26589
1002 1017
5014 5027
1201 1213
261 273
3546 3563
27869 27877
28488 28502
26822 26830
20308 20328
3359 3361
20217 20219
4509 4529
29741 29749
13771 13774
13150 13151
3798 3817
7208 7210
24578 24587
7499 7503
11487 11504
21451 21455
7386 7389
9147 9163
2254 2260
10327 10345
18696 18710
21199 21203
23243 23245
21314 21315
21974 21977
30471 30482
22560 22563
11531 11541
23146 23151
8708 8716
711 717
22545 22549
28441 28444
19701 19705
28512 28516
6066 6075
1389 1399
8931 8950
7373 7387
28941 28959
27219 27239
1421 1426
23313 23326
16767 16786
19775 19790
24965 24979
14704 14709
7210 7222
12504 12513
25688 25695
15435 15436
5688 5696
10696 10711
2897 2899
13012 13027
15421 15428
10395 10413
7812 7826
26251 26266
8741 8743
17747 17763
10472 10482
4039 4051
18601 18612
25675 25694
5043 5051
12518 12521
15148 15154
10485 10491
20069 20089
30019 30033
30175 30183
25126 25146
3624 3642
11135 11148
29736 29751
28518 28532
24004 24005
27196 27202
16955 16967
1615 1630
12866 12873
10728 10737
15663 15680
24094 24114
3472 3490
8381 8396
2134 2139
18339 18356
2119 2126
17839 17853
28243 28258
25844 25855
15667 15668
12819 12836
12015 12033
5138 5157
13506 13514
7428 7439
7177 7183
22701 22705
22296 22312
12614 12620
1968 1979
18266 18269
19738 19752
2116 2121
8426 8428
6159 6172
13134 13143
10865 10878
20436 20438
21693 21712
27139 27140
6871 6874
16995 17010
16526 16536
5873 5878
21326 21327
18614 18622
15111 15130
11462 11468
25446 25450
16194 16202
27411 27419
21600 21608
22448 22460
24784 24791
26382 26388
6439 6440
19545 19554
22341 22351
30480 30490
287 303
16542 16562
8120 8139
17078 17094
16989 16995
25903 25904
2748 2761
10440 10446
7231 7243
17176 17188
11496 11514
8175 8179
26468 26476
4922 4938
12736 12741
11809 11814
26387 26388
7885 7894
30427 30432
18191 18211
4832 4852
24342 24352
3273 3282
7546 7553
15484 15491
26773 26788
3238 3252
6831 6840
28313 28319
24123 24135
18673 18682
1476 1490
24166 24183
14728 14737
28604 28615
21596 21606
24187 24199
20293 20307
15244 15252
26142 26148
6204 6208
12481 12494
29773 29792
9301 9315
23165 23183
20719 20720
17265 17279
26917 26928
4855 4866
2652 2659
25062 25071
8960 8978
11494 11495
27284 27288
14951 14960
20687 20699
27515 27526
23639 23650
29249 29256
2552 2560
21260 21275
23662 23664
24219 24220
5020 5035
7574 7581
29230 29242
24488 24506
28552 28562
2330 2344
22508 22513
22076 22092
22693 22700
13099 13119
12264 12271
22672 22690
2311 2330
8521 8529
16472 16476
16678 16680
9646 9662
16000 16005
15437 15441
15144 15147
11813 11821
24785 24794
4429 4430
2222 2226
10275 10282
25900 25901
7897 7914
29916 29924
15922 15940
25288 25289
25562 25579
7686 7699
26817 26832
2530 2535
729 734
15699 15711
704 714
18848 18858
22918 22925
1027 1028
27246 27262
5671 5673
935 941
29205 29217
667 683
6944 6962
26941 26945
4034 4041
28486 28487
13620 13637
24221 24239
793 800
28188 28192
8756 8760
7470 7480
2190 2195
26649 26663
11298 11313
26757 26768
24866 24875
4996 4997
11610 11614
27596 27608
14255 14260
24710 24718
24802 24812
13918 13934
8283 8287
11633 11639
26188 26197
26101 26113
7674 7682
8721 8737
13079 13087
10021 10025
30434 30443
8437 8448
3100 3107
665 667
2139 2150
26235 26251
28842 28852
20969 20982
13567 13574
13747 13763
30930 30931
1247 1261
24463 24483
3169 3182
8660 8676
22757 22766
27845 27857
11126 11131
18004 18024
7868 7884
20046 20054
11981 11998
16376 16384
15096 15115
19793 19794
9726 9735
5219 5230
2216 2226
8460 8461
24200 24201
1515 1522
12725 12740
18405 18420
14209 14224
22768 22771
10875 10895
11857 11867
17307 17310
13200 13201
15380 15394
3788 3795
2630 2643
13362 13368
24217 24232
22597 22599
29880 29890
11456 11463
12212 12218
14917 14926
20126 20138
15082 15089
356 376
16191 16195
23588 23601
23666 23675
6393 6410
12541 12545
30345 30349
14347 14366
3781 3792
19644 19651
24414 24428
26344 26347
4193 4205
24147 24159
30347 30354
20976 20984
12935 12942
28793 28803
2654 2658
4850 4869
23498 23504
21683 21699
4688 4693
16239 16255
22591 22598
15641 15650
17721 17735
15820 15837
23961 23977
29063 29065
12400 12408
18041 18055
30598 30603
20302 20320
23202 23211
3713 3732
22174 22182
22373 22384
0 0
24573 24576
4940 4958
8632 8641
18793 18807
12645 12665
19687 19704
8898 8904
17253 17263
21837 21854
25188 25202
28254 28260
16267 16279
29801 29808
5945 5956
7000 7016
16859 16863
401 410
3983 3996
12972 12985
6363 6374
17440 17458
5210 5219
8748 8754
13248 13254
28112 28114
7424 7432
24688 24702
5970 5983
12890 12896
16919 16935
22899 22915
460 468
13304 13324
27940 27946
28287 28295
12524 12529
20576 20592
2459 2477
20475 20489
25739 25754
29182 29190
10037 10039
24567 24572
19237 19241
23345 23349
4773 4777
19568 19575
26972 26991
13869 13884
27893 27896
8101 8121
26267 26268
5897 5917
19449 19467
29125 29136
23173 23179
20825 20844
10137 10151
23418 23424
28912 28931
379 391
10000 10002
29245 29249
4262 4266
19270 19282
6035 6046
2704 2722
29123 29127
29868 29888
20250 20253
26681 26690
3595 3611
7045 7059
24085 24098
30869 30874
27740 27758
17377 17396
2420 2439
12564 12581
13390 13406
8990 9007
6571 6579
12574 12582
2801 2815
6592 6602
8179 8190
8183 8197
15535 15552
18551 18568
20857 20875
19891 19893
11899 11915
28692 28696
7635 7650
18716 18731
6598 6605
28058 28072
16863 16868
12876 12891
25522 25542
7337 7345
4086 4093
18321 18328
4447 4461
21802 21821
3950 3969
29612 29621
2108 2126
17658 17668
13960 13978
24983 24996
5744 5758
21608 21613
18572 18573
13539 13540
27018 27036
2645 2665
14318 14335
21625 21627
19594 19604
11375 11377
29646 29650
30166 30176
13401 13419
17094 17096
858 875
6530 6533
17137 17155
21966 21971
27015 27026
28850 28859
23942 23944
5613 5622
198 217
13661 13666
21993 22000
28138 28147
28525 28533
11441 11458
2677 2697
12918 12924
1244 1255
12484 12501
28255 28267
18955 18970
15035 15049
1852 1862
9704 9710
12000 12009
30897 30915
782 801
28384 28400
28772 28784
30731 30741
29110 29120
25031 25036
22117 22131
3939 3943
9572 9573
5289 5293
25430 25432
22014 22020
20463 20476
1499 1505
24182 24196
30569 30589
24840 24858
27401 27411
1483 1497
25855 25857
29446 29451
11921 11924
30699 30705
19671 19674
27224 27226
16714 16719
9733 9745
5986 5993
13035 13053
30054 30071
18532 18536
19626 19633
22283 22303
14459 14476
16093 16111
30179 30197
2350 2368
30929 30930
657 675
27107 27121
27329 27345
6827 6836
4694 4706
6607 6623
28514 28527
21293 21306
20711 20727
2553 2564
18731 18741
28927 28942
10529 10539
9279 9288
617 618
18131 18141
21827 21839
22799 22817
6207 6208
12467 12480
24413 24422
12928 12943
1711 1715
29226 29242
21731 21736
4962 4982
28859 28861
14114 14116
17537 17553
27937 27941
21391 21411
111 119
9590 9593
2129 2135
12360 12361
14276 14287
7956 7957
8816 8823
13100 13112
6330 6340
24852 24859
8902 8919
2689 2697
14062 14071
13380 13394
15941 15949
25189 25203
12822 12840
3776 3777
16079 16096
1329 1336
6012 6022
19321 19339
25443 25446
19573 19593
21661 21673
28642 28660
28540 28557
26345 26356
30127 30140
11587 11589
17837 17840
22465 22481
3828 3838
26016 26024
12277 12296
15774 15783
923 931
20392 20393
22972 22992
15586 15601
17314 17323
6942 6943
14752 14758
1997 2004
24528 24538
94 111
9348 9361
25533 25545
4395 4403
22823 22827
24268 24278
6566 6574
29190 29193
5156 5166
23054 23061
5166 5176
17711 17713
5719 5733
5961 5969
21931 21932
21161 21177
26460 26477
13699 13700
9458 9465
2287 2307
28632 28636
23754 23774
24914 24916
25929 25935
21067 21071
30703 30709
21213 21215
12456 12466
3757 3773
18076 18094
18495 18514
26582 26592
26139 26148
244 245
7537 7550
2881 2901
3886 3901
11421 11426
29119 29122
8073 8088
25620 25636
4219 4230
27493 27502
19828 19836
26765 26768
8065 8077
2245 2258
29739 29741
14849 14850
29448 29465
21138 21151
30617 30637
9040 9049
18609 18629
21927 21937
13702 13714
13328 13335
4540 4556
16624 16628
21327 21340
23718 23730
24610 24612
28143 28155
4608 4624
13101 13117
10568 10573
12572 12573
21393 21413
8774 8792
1701 1707
7959 7966
6110 6129
23649 23660
321 335
28260 28273
22298 22314
7508 7528
22432 22442
20922 20938
28155 28169
8630 8643
8418 8428
14521 14531
26120 26127
2807 2812
6313 6320
15668 15679
27286 27306
3451 3462
7093 7098
17446 17456
15598 15605
18436 18456
3915 3920
30029 30037
19230 19248
9430 9448
11320 11338
19203 19206
26736 26740
30704 30721
6398 6402
28093 28106
17943 17950
7928 7936
5976 5978
7873 7875
29185 29193
1807 1823
4665 4671
5002 5006
27759 27763
13181 13184
26663 26679
16953 16960
25070 25085
12718 12728
1647 1666
8716 8735
4165 4172
17058 17073
27720 27734
22553 22563
7176 7182
13068 13080
5514 5533
24330 24338
5057 5059
22019 22020
25014 25034
1107 1121
7680 7687
22137 22151
5350 5368
12723 12727
3102 3119
15995 15996
18616 18624
9464 9476
24836 24841
26169 26186
27913 27918
19422 19433
4799 4805
2890 2905
6416 6421
21785 21800
43 47
22325 22329
1016 1032
30010 30029
15234 15236
30818 30827
26695 26702
8309 8312
15327 15340
941 961
6951 6957
25290 25307
4784 4799
24533 24547
27098 27116
17683 17691
30842 30862
18868 18873
2595 2613
9216 9236
2018 2037
1367 1373
7851 7862
1784 1787
11537 11546
22523 22531
12270 12290
27747 27760
4660 4676
3933 3944
4068 4072
12406 12417
3638 3641
799 815
8821 8831
13545 13560
25254 25261
11160 11172
1761 1772
6402 6411
13371 13388
12870 12888
22902 22921
20910 20918
15787 15792
23693 23710
5396 5408
17778 17795
27857 27867
15908 15921
1239 1243
3283 3299
25753 25758
16158 16171
2721 2729
28391 28406
11973 11980
21025 21041
15345 15364
16946 16950
7317 7332
3794 3802
5165 5179
19281 19288
19576 19592
16798 16802
30182 30196
23996 23997
24896 24909
236 246
684 690
11685 11701
19473 19480
14938 14944
2228 2243
15725 15735
572 576
11450 11457
12425 12434
11015 11019
26564 26567
12929 12935
29535 29546
14820 14839
10822 10825
10166 10184
23979 23998
18311 18322
20101 20113
28877 28892
21565 21572
3438 3447
20945 20965
9848 9858
5226 5241
16232 16238
19631 19640
12577 12596
26108 26119
18840 18842
12210 12223
29008 29019
4580 4597
30225 30227
20403 20419
1839 1845
15273 15286
15049 15067
3808 3819
3710 3715
2248 2268
978 997
8920 8930
29210 29230
28009 28025
8854 8867
28608 28621
12759 12773
5579 5583
1786 1802
11149 11160
21489 21490
17840 17844
7926 7930
0 0
4455 4468
2298 2303
5449 5458
4741 4756
1209 1218
8387 8392
22485 22488
30462 30480
23750 23751
19135 19145
25328 25335
227 236
10636 10641
20729 20731
13679 13696
14585 14591
21159 21166
17357 17362
4095 4096
1142 1149
20710 20726
1668 1676
28967 28970
7402 7414
29994 30002
14486 14490
6811 6813
30011 30029
26279 26293
1346 1348
10412 10423
7861 7864
15476 15488
17894 17906
16133 16145
19936 19954
25039 25051
16881 16891
21436 21437
29466 29475
27308 27310
28480 28489
25052 25065
12809 12821
6327 6330
8071 8079
20375 20377
16116 16128
30103 30114
10005 10006
5501 5502
9630 9650
13317 13331
10624 10629
11102 11108
25847 25851
19182 19202
24404 24418
1010 1017
13409 13410
11044 11057
1385 1393
15259 15275
30360 30369
5634 5637
28182 28193
12018 12032
11844 11861
17131 17143
15512 15530
15095 15096
4635 4649
7332 7336
22727 22729
26208 26223
11100 11103
157 172
20988 21006
24637 24652
15736 15750
27423 27441
6261 6271
30325 30335
23794 23813
7646 7659
5682 5683
24236 24254
11396 11404
22816 22830
25491 25501
24934 24951
24087 24088
27007 27022
5065 5081
15328 15347
23272 23282
27534 27551
3086 3104
5006 5012
23733 23741
3457 3458
13219 13238
18672 18681
4403 4421
25936 25956
5605 5616
23628 23637
17689 17702
6078 6096
2820 2833
20665 20683
9247 9263
19235 19238
15154 15164
18619 18635
21219 21238
26184 26202
8636 8644
20205 20221
9259 9278
18011 18022
6506 6519
16593 16609
24199 24202
30246 30252
5814 5831
30138 30145
4190 4203
20458 20471
27853 27859
19481 19482
30146 30155
19461 19476
19991 19997
16807 16824
1863 1877
29849 29863
16985 16988
19391 19397
28769 28776
9144 9145
29665 29682
15666 15669
9257 9258
3089 3097
110 124
2642 2644
24018 24033
19583 19589
23434 23450
1462 1474
26331 26349
15590 15600
16668 16684
23806 23811
30831 30832
18202 18212
18025 18038
3090 3092
18964 18973
14950 14951
26533 26545
9379 9388
11994 12014
28076 28088
19719 19736
9508 9520
4252 4265
2818 2822
30627 30628
7697 7706
8826 8836
3141 3151
23417 23419
27163 27164
640 660
17759 17766
13775 13795
15877 15893
25545 25561
3144 3163
29907 29914
17966 17979
20488 20500
1886 1903
16149 16167
24337 24345
5584 5587
30154 30169
4469 4471
9168 9171
3765 3777
751 771
26203 26208
806 813
8002 8018
12422 12437
25205 25217
30478 30490
9795 9814
17206 17213
6775 6782
2946 2948
14797 14811
2613 2629
22329 22331
2535 2553
6808 6811
27917 27926
17856 17876
536 544
28251 28254
2904 2908
16884 16904
12907 12923
22750 22754
18633 18644
6601 6617
846 863
1938 1942
19380 19397
14038 14055
26268 26283
4936 4943
7280 7289
7325 7343
25603 25620
22724 22729
9611 9626
170 174
14975 14985
27820 27836
26047 26050
8796 8810
21737 21752
19378 19379
27540 27551
22888 22900
14987 15007
1853 1868
22491 22506
18120 18136
21791 21803
15531 15537
12598 12614
22020 22027
8693 8711
11130 11137
19258 19262
16381 16384
15023 15038
1803 1806
14161 14167
14357 14376
12631 12635
13828 13838
13887 13906
6466 6477
9990 10003
19674 19689
4206 4216
2875 2883
23303 23312
11682 11690
27157 27169
29627 29645
28218 28220
23525 23540
1427 1447
4499 4511
1357 1369
23770 23777
17800 17804
9864 9881
11712 11726
13616 13632
26956 26966
5917 5933
18890 18908
28301 28316
3458 3467
6824 6826
4025 4031
29911 29927
23342 23346
911 919
12173 12192
28104 28120
29223 29236
19927 19937
855 860
5058 5073
5186 5192
22458 22468
899 908
14310 14315
23412 23427
30306 30307
26456 26459
12742 12745
7292 7300
5420 5434
30506 30520
20063 20074
1842 1862
28778 28779
8431 8445
22477 22486
25429 25431
837 849
11993 11994
12497 12510
15203 15218
23042 23056
29452 29465
11935 11948
18010 18015
22168 22176
19989 19998
30122 30126
17705 17708
26590 26607
21778 21780
23891 23896
24981 24983
12226 12243
23082 23101
7542 7547
10377 10378
17790 17806
30148 30150
23373 23376
29498 29500
26266 26276
20137 20153
30742 30755
1919 1937
28234 28247
25923 25925
25346 25362
22578 22595
8639 8641
8203 8204
11446 11465
10616 10623
8345 8347
7663 7683
4554 4557
26676 26694
25220 25229
4379 4390
5239 5255
13774 13782
10227 10228
19832 19833
20552 20568
21259 21260
21877 21891
17293 17313
16648 16658
22220 22223
10711 10722
15811 15826
13235 13250
5739 5745
27763 27782
18954 18965
19491 19507
28153 28166
12923 12943
4735 4740
29519 29523
7745 7754
5532 5536
28213 28215
13978 13997
1720 1738
11720 11737
8367 8381
29337 29339
5842 5853
15893 15908
22869 22874
18289 18296
13576 13591
4061 4067
28035 28054
18347 18364
2899 2912
8390 8405
7727 7738
7117 7134
4376 4378
17664 17666
23536 23538
16874 16875
17238 17252
10825 10834
4028 4035
16452 16468
2596 2613
22828 22832
30666 30683
23451 23459
21014 21030
21705 21718
22859 22868
23318 23330
11171 11180
14851 14868
21191 21210
4431 4450
21977 21979
11544 11548
3810 3827
16417 16421
12642 12650
7261 7265
11475 11481
17150 17167
8346 8351
14929 14930
5574 5583
28780 28798
7615 7630
8089 8096
11704 11713
23277 23286
30914 30926
4568 4575
22573 22578
17616 17625
3132 3133
8512 8517
28184 28188
23785 23799
13168 13184
22769 22782
16931 16933
7591 7605
5278 5290
5904 5908
26492 26511
419 435
16582 16592
558 573
5012 5014
29650 29663
4700 4710
21850 21865
20003 20019
5287 5290
23350 23367
1370 1386
12463 12467
29959 29967
23573 23586
16659 16668
4517 4519
21454 21463
11626 11632
17437 17441
20539 20543
30339 30348
8477 8492
17048 17064
5255 5270
6026 6044
30553 30559
15186 15199
29417 29437
16300 16319
13787 13792
5528 5535
1300 1307
614 618
9527 9538
10360 10376
13963 13974
19127 19147
12266 12276
5908 5909
15970 15971
23837 23856
13906 13909
28657 28665
18984 19000
21006 21024
24619 24622
13443 13447
30629 30634
22217 22236
288 297
19122 19140
30177 30180
30402 30411
30318 30331
1979 1996
7642 7645
24377 24388
19923 19930
7128 7140
13968 13978
3010 3029
6725 6734
30518 30536
2926 2941
3693 3713
8851 8858
30652 30659
1599 1619
4072 4092
16259 16266
10428 10431
3749 3753
3304 3314
19081 19084
1972 1980
9109 9122
660 667
22100 22118
22203 22221
15805 15812
5837 5847
1336 1346
14609 14627
19300 19311
13668 13674
20775 20790
21674 21693
17565 17583
18582 18589
14196 14207
13027 13046
14720 14722
7141 7144
5174 5191
17921 17941
6432 6445
29744 29748
7569 7577
14378 14379
27788 27802
25930 25938
25728 25737
30579 30587
25515 25522
26389 26404
1598 1613
17325 17341
20062 20063
